00000000
01000000
02000000
03000000
04000000
05000000
06000000
07000000
08000000
09000000
0a000000
0b000000
0c000000
0d000000
0e000000
0f000000
10000000
11000000
12000000
13000000
14000000
15000000
16000000
17000000
18000000
19000000
1a000000
1b000000
1c000000
1d000000
1e000000
1f000000
20000000
21000000
22000000
23000000
24000000
25000000
26000000
27000000
28000000
29000000
2a000000
2b000000
2c000000
2d000000
2e000000
2f000000
30000000
31000000
32000000
33000000
34000000
35000000
36000000
37000000
