58000000
58010000
58020000
58030000
59000000
58040000
58050000
5a000000
5b000000
58060000
58070000
5c000000
58080000
58090000
580a0000
580b0000
5d000000
580c0000
580d0000
580e0000
580f0000
5e000000
58100000
58110000
58120000
58130000
58140000
5f000000
58150000
60000000
61000000
62000000
63000000
64000000
65000000
58160000
66000000
58170000
67000000
68000000
69000000
6a000000
6b000000
58180000
58190000
6c000000
6d000000
6e000000
581a0000
6f000000
70000000
71000000
72000000
73000000
74000000
75000000
76000000
77000000
78000000
79000000
7a000000
581b0000
581c0000
7b000000
7c000000
7d000000
7e000000
7f000000
80000000
81000000
82000000
83000000
84000000
85000000
86000000
87000000
88000000
89000000
8a000000
8b000000
8c000000
8d000000
581d0000
581e0000
8e000000
8f000000
90000000
91000000
92000000
93000000
94000000
95000000
96000000
97000000
98000000
99000000
9a000000
9b000000
9c000000
9d000000
9e000000
9f000000
a0000000
a1000000
a2000000
