01000000
02000000
26000000
27000000
28000000
29000000
2a000000
2b000000
2c000000
2d000000
2e000000
2f000000
30000000
31000000
32000000
33000000
34000000
35000000
36000000
37000000
38000000
39000000
3a000000
3b000000
3c000000
3e000000
3f000000
40000000
54000000
55000000
03000000
04000000
0c000000
16000000
0f000000
08000000
0e000000
10000000
17000000
18000000
12000000
09000000
0a000000
0b000000
0d000000
05000000
06000000
07000000
11000000
13000000
14000000
15000000
56000000
58000000
57000000
59000000
5a000000
5b000000
5c000000
5d000000
5e000000
5f000000
60000000
61000000
62000000
63000000
64000000
65000000
66000000
1c000000
23000000
1d000000
1e000000
24000000
1f000000
25000000
1b000000
19000000
1a000000
20000000
21000000
22000000
42000000
44000000
43000000
45000000
46000000
47000000
48000000
49000000
4a000000
4b000000
4c000000
4d000000
4e000000
4f000000
50000000
51000000
52000000
53000000
