3c400000
3c410000
37000000
01000000
29000000
2c000000
04000000
05000000
02000000
03000000
07000000
3c060000
50000000
8b000000
08000000
0d000000
d4000000
10000000
87000000
2a000000
2b000000
11000000
12000000
13000000
27000000
15000000
16000000
17000000
2d000000
3c690000
3c6a0000
38000000
39000000
3a000000
3b000000
3d000000
3f000000
40000000
41000000
3c660000
42000000
43000000
44000000
45000000
46000000
47000000
48000000
49000000
4a000000
4b000000
4c000000
24000000
1b000000
4e000000
25000000
19000000
1d000000
26000000
1e000000
1f000000
18000000
20000000
22000000
1c000000
1a000000
21000000
23000000
2e000000
2f000000
30000000
31000000
32000000
33000000
34000000
35000000
4d000000
